{
 "cells": [
  {
   "cell_type": "code",
   "execution_count": 2,
   "metadata": {},
   "outputs": [],
   "source": [
    "%load_ext autoreload\n",
    "%autoreload 2\n",
    "%matplotlib inline"
   ]
  },
  {
   "cell_type": "markdown",
   "metadata": {},
   "source": [
    "## 0. Install IPD package \n",
    "Note: Also installs notebook packages for running demos. Omit the optional `notebooks` group if you don't want this.\n",
    "### Option 1 (from source):\n",
    "1. Clone this github repo\n",
    "2. Run `pip install -e .[notebooks]` \n",
    "    1. Make sure you are using a compatible python version (tested with 3.9.2 and 3.10.14)\n",
    "    2. Recommend using a venv\n",
    "\n",
    "### Option 2 (not available yet):\n",
    "1. `pip install intrinsic-ipd[notebooks]`\n",
    "\n",
    "### Option 3:\n",
    "1. `pip install git+[github/http/url]@main[notebooks]`"
   ]
  },
  {
   "cell_type": "markdown",
   "metadata": {},
   "source": [
    "## 1. Imports"
   ]
  },
  {
   "cell_type": "code",
   "execution_count": 3,
   "metadata": {},
   "outputs": [],
   "source": [
    "from intrinsic_ipd import IPDReader, IPDCamera, IPDImage, IPDLightCondition\n",
    "import intrinsic_ipd.constants # import CameraFramework, DATASET_IDS\n",
    "import os\n",
    "import matplotlib.pyplot as plt\n",
    "import numpy as np\n",
    "from pprint import pprint\n",
    "np.set_printoptions(precision=4, suppress=True)"
   ]
  },
  {
   "cell_type": "code",
   "execution_count": 4,
   "metadata": {},
   "outputs": [],
   "source": [
    "import logging\n",
    "logging.basicConfig(\n",
    "    level=logging.INFO,  # Set the logging level (INFO, DEBUG, WARNING, etc.)\n",
    "    format=\"%(asctime)s - %(name)s - %(levelname)s - %(filename)s - %(funcName)s - %(message)s\",\n",
    "    datefmt=\"%Y-%m-%d %H:%M:%S\",\n",
    ")"
   ]
  },
  {
   "cell_type": "markdown",
   "metadata": {},
   "source": [
    "## 2. Download (if not exists) and load dataset"
   ]
  },
  {
   "cell_type": "markdown",
   "metadata": {},
   "source": [
    "### 2.1 Select a dataset among list of dataset ids."
   ]
  },
  {
   "cell_type": "code",
   "execution_count": 5,
   "metadata": {},
   "outputs": [
    {
     "data": {
      "text/plain": [
       "['dataset_basket_0',\n",
       " 'dataset_basket_1',\n",
       " 'dataset_basket_2',\n",
       " 'dataset_basket_3',\n",
       " 'dataset_basket_4',\n",
       " 'dataset_basket_5',\n",
       " 'dataset_basket_6',\n",
       " 'dataset_basket_7',\n",
       " 'dataset_basket_8',\n",
       " 'dataset_basket_9',\n",
       " 'dataset_darkbg_0',\n",
       " 'dataset_darkbg_1',\n",
       " 'dataset_darkbg_2',\n",
       " 'dataset_darkbg_3',\n",
       " 'dataset_darkbg_4',\n",
       " 'dataset_darkbg_5',\n",
       " 'dataset_darkbg_6',\n",
       " 'dataset_darkbg_7',\n",
       " 'dataset_darkbg_8',\n",
       " 'dataset_texturedbg_0',\n",
       " 'dataset_texturedbg_1',\n",
       " 'dataset_texturedbg_2',\n",
       " 'dataset_texturedbg_3']"
      ]
     },
     "execution_count": 5,
     "metadata": {},
     "output_type": "execute_result"
    }
   ],
   "source": [
    "dataset_id = intrinsic_ipd.constants.DATASET_IDS[20]\n",
    "intrinsic_ipd.constants.DATASET_IDS"
   ]
  },
  {
   "cell_type": "markdown",
   "metadata": {},
   "source": [
    "### 2.2 Select camera and lighting condition\n",
    "See `intrinsic_ipd.constants` for available options"
   ]
  },
  {
   "cell_type": "code",
   "execution_count": 6,
   "metadata": {},
   "outputs": [
    {
     "data": {
      "text/plain": [
       "'dataset_texturedbg_1'"
      ]
     },
     "execution_count": 6,
     "metadata": {},
     "output_type": "execute_result"
    }
   ],
   "source": [
    "camera = intrinsic_ipd.constants.IPDCamera.PHOTONEO\n",
    "lighting = intrinsic_ipd.constants.IPDLightCondition.ROOM \n",
    "dataset_id"
   ]
  },
  {
   "cell_type": "markdown",
   "metadata": {},
   "source": [
    "### 2.3 Read dataset (optionally, download)"
   ]
  },
  {
   "cell_type": "markdown",
   "metadata": {},
   "source": [
    "The `download` option allows you to download the dataset if it does not exist, otherwise this class will read in the dataset from the root path specified."
   ]
  },
  {
   "cell_type": "code",
   "execution_count": 7,
   "metadata": {},
   "outputs": [
    {
     "name": "stderr",
     "output_type": "stream",
     "text": [
      "corner_bracket2_symm.json: 0.00B [00:00, ?B/s]"
     ]
    },
    {
     "name": "stderr",
     "output_type": "stream",
     "text": [
      "corner_bracket2_symm.json: 0.00B [00:00, ?B/s]\n",
      "2024-09-21 00:09:19 - root - ERROR - utils.py - download - url: https://storage.googleapis.com/akasha-public/industrial_plenoptic_dataset/cad_models/symmetries/corner_bracket2_symm.json failed to download with error: HTTP Error 404: Not Found\n",
      "corner_bracket5.stl: 0.00B [00:00, ?B/s]\n",
      "2024-09-21 00:09:19 - root - ERROR - utils.py - download - url: https://storage.googleapis.com/akasha-public/industrial_plenoptic_dataset/cad_models/corner_bracket5.stl failed to download with error: HTTP Error 404: Not Found\n",
      "corner_bracket5_symm.json: 0.00B [00:00, ?B/s]\n",
      "2024-09-21 00:09:19 - root - ERROR - utils.py - download - url: https://storage.googleapis.com/akasha-public/industrial_plenoptic_dataset/cad_models/symmetries/corner_bracket5_symm.json failed to download with error: HTTP Error 404: Not Found\n",
      "handrail_bracket_symm.json: 0.00B [00:00, ?B/s]\n",
      "2024-09-21 00:09:20 - root - ERROR - utils.py - download - url: https://storage.googleapis.com/akasha-public/industrial_plenoptic_dataset/cad_models/symmetries/handrail_bracket_symm.json failed to download with error: HTTP Error 404: Not Found\n",
      "hex_manifold_symm.json: 0.00B [00:00, ?B/s]\n",
      "2024-09-21 00:09:20 - root - ERROR - utils.py - download - url: https://storage.googleapis.com/akasha-public/industrial_plenoptic_dataset/cad_models/symmetries/hex_manifold_symm.json failed to download with error: HTTP Error 404: Not Found\n",
      "pegboard_basket_symm.json: 0.00B [00:00, ?B/s]\n",
      "2024-09-21 00:09:20 - root - ERROR - utils.py - download - url: https://storage.googleapis.com/akasha-public/industrial_plenoptic_dataset/cad_models/symmetries/pegboard_basket_symm.json failed to download with error: HTTP Error 404: Not Found\n",
      "t_bracket_symm.json: 0.00B [00:00, ?B/s]\n",
      "2024-09-21 00:09:20 - root - ERROR - utils.py - download - url: https://storage.googleapis.com/akasha-public/industrial_plenoptic_dataset/cad_models/symmetries/t_bracket_symm.json failed to download with error: HTTP Error 404: Not Found\n",
      "2024-09-21 00:09:20 - root - INFO - reader.py - __init__ - \n",
      "\tDataset:\tdataset_texturedbg_1\n",
      "\tDataset Path:\t./datasets/dataset_texturedbg_1/test\n",
      "\tCamera Type:\tPhotoneo (ID: 000)\n",
      "\tLighting:\tROOM\n",
      "\tNum Scenes:\t30\n"
     ]
    }
   ],
   "source": [
    "ipd_reader = IPDReader(\"./datasets\", dataset_id=dataset_id, camera=camera, lighting=lighting, download=True) "
   ]
  },
  {
   "cell_type": "markdown",
   "metadata": {},
   "source": [
    "## 3. Examples of reading data"
   ]
  },
  {
   "cell_type": "markdown",
   "metadata": {},
   "source": [
    "### 3.1 Getting a list of available parts and object instances"
   ]
  },
  {
   "cell_type": "code",
   "execution_count": 8,
   "metadata": {},
   "outputs": [
    {
     "data": {
      "text/plain": [
       "{'corner_bracket0',\n",
       " 'corner_bracket6',\n",
       " 'gear1',\n",
       " 'handrail_bracket',\n",
       " 'wraparound_bracket'}"
      ]
     },
     "execution_count": 8,
     "metadata": {},
     "output_type": "execute_result"
    }
   ],
   "source": [
    "ipd_reader.parts"
   ]
  },
  {
   "cell_type": "code",
   "execution_count": 9,
   "metadata": {},
   "outputs": [
    {
     "data": {
      "text/plain": [
       "[('corner_bracket0', 0),\n",
       " ('corner_bracket0', 1),\n",
       " ('corner_bracket0', 2),\n",
       " ('corner_bracket0', 3),\n",
       " ('corner_bracket0', 4),\n",
       " ('corner_bracket6', 0),\n",
       " ('corner_bracket6', 1),\n",
       " ('corner_bracket6', 2),\n",
       " ('corner_bracket6', 3),\n",
       " ('corner_bracket6', 4),\n",
       " ('gear1', 0),\n",
       " ('gear1', 1),\n",
       " ('gear1', 2),\n",
       " ('gear1', 3),\n",
       " ('handrail_bracket', 0),\n",
       " ('handrail_bracket', 1),\n",
       " ('handrail_bracket', 2),\n",
       " ('handrail_bracket', 3),\n",
       " ('handrail_bracket', 4),\n",
       " ('wraparound_bracket', 0),\n",
       " ('wraparound_bracket', 1),\n",
       " ('wraparound_bracket', 2),\n",
       " ('wraparound_bracket', 3)]"
      ]
     },
     "execution_count": 9,
     "metadata": {},
     "output_type": "execute_result"
    }
   ],
   "source": [
    "# Objects are identified by part and instance.\n",
    "ipd_reader.objects"
   ]
  },
  {
   "cell_type": "markdown",
   "metadata": {},
   "source": [
    "### 3.2 Getting ground truth pose annotations"
   ]
  },
  {
   "cell_type": "markdown",
   "metadata": {},
   "source": [
    "Poses are stored as a Xarray DataArray with 4 dimensions, with the following coordinates: \n",
    "- `scene`: scene id integers in `reader.scenes.keys()`\n",
    "- `object` (pandas multi-index) \n",
    "   - `part`: part names in `reader.parts`\n",
    "   - `instance`: indicates which instance when there are multiple parts\n",
    "- `transform_major`: [0, 1, 2, 3]\n",
    "- `transform_minor`: [0, 1, 2, 3] \n",
    "\n",
    "Poses can be accessed by specifying the dimension and coordinate value.\n",
    "\n",
    "See [Xarray Tutorials](https://tutorial.xarray.dev/fundamentals/01_datastructures.html) for more details. This is a brief overview."
   ]
  },
  {
   "cell_type": "code",
   "execution_count": 10,
   "metadata": {},
   "outputs": [
    {
     "data": {
      "text/plain": [
       "('scene', 'object', 'transform_major', 'transform_minor')"
      ]
     },
     "execution_count": 10,
     "metadata": {},
     "output_type": "execute_result"
    }
   ],
   "source": [
    "ipd_reader.o2c.dims"
   ]
  },
  {
   "cell_type": "code",
   "execution_count": 11,
   "metadata": {},
   "outputs": [
    {
     "data": {
      "text/plain": [
       "Coordinates:\n",
       "  * scene            (scene) int64 30 31 32 33 34 35 36 ... 53 54 55 56 57 58 59\n",
       "  * object           (object) MultiIndex\n",
       "  - part             (object) object 'corner_bracket0' ... 'wraparound_bracket'\n",
       "  - instance         (object) int64 0 1 2 3 4 0 1 2 3 4 ... 3 0 1 2 3 4 0 1 2 3\n",
       "  * transform_major  (transform_major) int64 0 1 2 3\n",
       "  * transform_minor  (transform_minor) int64 0 1 2 3"
      ]
     },
     "execution_count": 11,
     "metadata": {},
     "output_type": "execute_result"
    }
   ],
   "source": [
    "ipd_reader.o2c.coords"
   ]
  },
  {
   "cell_type": "markdown",
   "metadata": {},
   "source": [
    "#### Selecting by scene:\n",
    "Will give you all the poses of all the objects (part & instance) in the scene."
   ]
  },
  {
   "cell_type": "code",
   "execution_count": 12,
   "metadata": {},
   "outputs": [
    {
     "data": {
      "text/plain": [
       "array([[[   0.1998,    0.7808,    0.5919, -209.3239],\n",
       "        [  -0.5991,    0.5754,   -0.5568, -105.5557],\n",
       "        [  -0.7753,   -0.2434,    0.5828, 1853.1825],\n",
       "        [   0.    ,    0.    ,    0.    ,    1.    ]],\n",
       "\n",
       "       [[   0.3249,   -0.6633,   -0.6741, -166.4593],\n",
       "        [  -0.1151,    0.6797,   -0.7244,  220.2536],\n",
       "        [   0.9387,    0.3129,    0.1445, 1750.2346],\n",
       "        [   0.    ,    0.    ,    0.    ,    1.    ]],\n",
       "\n",
       "       [[  -0.5102,    0.7794,   -0.3637, -372.5465],\n",
       "        [   0.7988,    0.5861,    0.1355,  162.0151],\n",
       "        [   0.3188,   -0.2214,   -0.9216, 1967.5482],\n",
       "        [   0.    ,    0.    ,    0.    ,    1.    ]],\n",
       "\n",
       "       [[   0.3353,   -0.5541,   -0.7619, -201.6179],\n",
       "        [  -0.1137,    0.779 ,   -0.6166,  346.7942],\n",
       "        [   0.9352,    0.2934,    0.1982, 1776.7752],\n",
       "        [   0.    ,    0.    ,    0.    ,    1.    ]],\n",
       "\n",
       "       [[   0.9481,    0.0989,   -0.3022, -368.0858],\n",
       "        [   0.1273,   -0.989 ,    0.0756, -218.0753],\n",
       "        [  -0.2914,   -0.1102,   -0.9502, 1929.8159],\n",
       "        [   0.    ,    0.    ,    0.    ,    1.    ]],\n",
       "\n",
       "       [[  -0.9173,   -0.1603,   -0.3646, -412.094 ],\n",
       "        [  -0.2039,    0.9754,    0.0842, -217.9156],\n",
       "        [   0.3421,    0.1515,   -0.9274, 1902.5547],\n",
       "        [   0.    ,    0.    ,    0.    ,    1.    ]],\n",
       "\n",
       "       [[   0.9492,    0.0283,   -0.3135, -218.685 ],\n",
       "        [   0.0574,   -0.9948,    0.0842,  -43.9958],\n",
       "        [  -0.3094,   -0.0979,   -0.9459, 1846.511 ],\n",
       "        [   0.    ,    0.    ,    0.    ,    1.    ]],\n",
       "\n",
       "       [[   0.9427,   -0.0095,   -0.3334,  -50.1317],\n",
       "        [   0.0183,   -0.9966,    0.08  ,   58.9367],\n",
       "        [  -0.333 ,   -0.0815,   -0.9394, 1793.8092],\n",
       "        [   0.    ,    0.    ,    0.    ,    1.    ]],\n",
       "\n",
       "       [[   0.3447,   -0.7279,   -0.5927, -462.8491],\n",
       "        [  -0.081 ,    0.606 ,   -0.7914,  -54.2946],\n",
       "        [   0.9352,    0.3208,    0.1499, 1932.2092],\n",
       "        [   0.    ,    0.    ,    0.    ,    1.    ]],\n",
       "\n",
       "       [[   0.0527,    0.9341,   -0.353 ,  -53.0044],\n",
       "        [   0.9963,   -0.0249,    0.0828, -138.0653],\n",
       "        [   0.0686,   -0.356 ,   -0.932 , 1777.1479],\n",
       "        [   0.    ,    0.    ,    0.    ,    1.    ]],\n",
       "\n",
       "       [[  -0.9427,    0.3331,    0.0181, -197.691 ],\n",
       "        [  -0.0134,   -0.0919,    0.9957,   17.1802],\n",
       "        [   0.3333,    0.9384,    0.0911, 1844.9669],\n",
       "        [   0.    ,    0.    ,    0.    ,    1.    ]],\n",
       "\n",
       "       [[   0.9434,   -0.3314,    0.0138, -250.6572],\n",
       "        [   0.0133,    0.0796,    0.9967, -125.8043],\n",
       "        [  -0.3314,   -0.9401,    0.0795, 1850.4475],\n",
       "        [   0.    ,    0.    ,    0.    ,    1.    ]],\n",
       "\n",
       "       [[   0.9311,   -0.3644,    0.0147, -370.3348],\n",
       "        [   0.0137,    0.0754,    0.9971,  113.7164],\n",
       "        [  -0.3644,   -0.9282,    0.0752, 1917.3539],\n",
       "        [   0.    ,    0.    ,    0.    ,    1.    ]],\n",
       "\n",
       "       [[   0.921 ,   -0.3895,    0.0094, -379.6054],\n",
       "        [   0.014 ,    0.0571,    0.9983, -120.2619],\n",
       "        [  -0.3894,   -0.9192,    0.0581, 1898.1097],\n",
       "        [   0.    ,    0.    ,    0.    ,    1.    ]],\n",
       "\n",
       "       [[  -0.3465,   -0.3882,    0.854 , -481.5321],\n",
       "        [   0.0866,    0.8932,    0.4412, -138.5725],\n",
       "        [  -0.9341,    0.2268,   -0.2758, 1904.9355],\n",
       "        [   0.    ,    0.    ,    0.    ,    1.    ]],\n",
       "\n",
       "       [[  -0.3738,   -0.8926,    0.2519, -335.9149],\n",
       "        [   0.0855,    0.2372,    0.9677, -271.0656],\n",
       "        [  -0.9235,    0.3833,   -0.0123, 1841.2686],\n",
       "        [   0.    ,    0.    ,    0.    ,    1.    ]],\n",
       "\n",
       "       [[  -0.3464,   -0.9372,    0.0395, -157.3738],\n",
       "        [   0.089 ,    0.0091,    0.996 ,   90.4605],\n",
       "        [  -0.9338,    0.3486,    0.0803, 1807.6986],\n",
       "        [   0.    ,    0.    ,    0.    ,    1.    ]],\n",
       "\n",
       "       [[  -0.3514,   -0.5698,    0.7428, -366.6554],\n",
       "        [   0.1025,    0.7653,    0.6355,  174.0317],\n",
       "        [  -0.9306,    0.2995,   -0.2105, 1895.0007],\n",
       "        [   0.    ,    0.    ,    0.    ,    1.    ]],\n",
       "\n",
       "       [[  -0.4872,    0.855 ,   -0.1779, -473.5617],\n",
       "        [   0.831 ,    0.5165,    0.2065,  298.8852],\n",
       "        [   0.2684,   -0.0472,   -0.9621, 1956.98  ],\n",
       "        [   0.    ,    0.    ,    0.    ,    1.    ]],\n",
       "\n",
       "       [[   0.5428,   -0.7721,    0.3304, -298.2239],\n",
       "        [   0.8322,    0.5475,   -0.0876,  -17.8291],\n",
       "        [  -0.1133,    0.3225,    0.9398, 1867.6575],\n",
       "        [   0.    ,    0.    ,    0.    ,    1.    ]],\n",
       "\n",
       "       [[   0.3161,   -0.8828,   -0.3474, -289.677 ],\n",
       "        [  -0.9216,   -0.3727,    0.1084,  202.8125],\n",
       "        [  -0.2252,    0.2859,   -0.9314, 1889.6468],\n",
       "        [   0.    ,    0.    ,    0.    ,    1.    ]],\n",
       "\n",
       "       [[   0.9367,   -0.0305,    0.3488, -459.0253],\n",
       "        [   0.0717,    0.9918,   -0.1058,   34.5794],\n",
       "        [  -0.3427,    0.1241,    0.9312, 1932.424 ],\n",
       "        [   0.    ,    0.    ,    0.    ,    1.    ]],\n",
       "\n",
       "       [[   0.0941,   -0.9395,    0.3294, -108.2938],\n",
       "        [   0.9941,    0.0707,   -0.0823,  -45.1985],\n",
       "        [   0.054 ,    0.3352,    0.9406, 1797.5945],\n",
       "        [   0.    ,    0.    ,    0.    ,    1.    ]]])"
      ]
     },
     "execution_count": 12,
     "metadata": {},
     "output_type": "execute_result"
    }
   ],
   "source": [
    "ipd_reader.o2c.sel(scene=30) #returns a DataArray\n",
    "ipd_reader.o2c.sel(scene=30).data #returns a numpy array"
   ]
  },
  {
   "cell_type": "markdown",
   "metadata": {},
   "source": [
    "#### Selecting by part:\n",
    "Will give you all the poses for all the instances across all scenes"
   ]
  },
  {
   "cell_type": "code",
   "execution_count": 13,
   "metadata": {},
   "outputs": [
    {
     "data": {
      "text/html": [
       "<div><svg style=\"position: absolute; width: 0; height: 0; overflow: hidden\">\n",
       "<defs>\n",
       "<symbol id=\"icon-database\" viewBox=\"0 0 32 32\">\n",
       "<path d=\"M16 0c-8.837 0-16 2.239-16 5v4c0 2.761 7.163 5 16 5s16-2.239 16-5v-4c0-2.761-7.163-5-16-5z\"></path>\n",
       "<path d=\"M16 17c-8.837 0-16-2.239-16-5v6c0 2.761 7.163 5 16 5s16-2.239 16-5v-6c0 2.761-7.163 5-16 5z\"></path>\n",
       "<path d=\"M16 26c-8.837 0-16-2.239-16-5v6c0 2.761 7.163 5 16 5s16-2.239 16-5v-6c0 2.761-7.163 5-16 5z\"></path>\n",
       "</symbol>\n",
       "<symbol id=\"icon-file-text2\" viewBox=\"0 0 32 32\">\n",
       "<path d=\"M28.681 7.159c-0.694-0.947-1.662-2.053-2.724-3.116s-2.169-2.030-3.116-2.724c-1.612-1.182-2.393-1.319-2.841-1.319h-15.5c-1.378 0-2.5 1.121-2.5 2.5v27c0 1.378 1.122 2.5 2.5 2.5h23c1.378 0 2.5-1.122 2.5-2.5v-19.5c0-0.448-0.137-1.23-1.319-2.841zM24.543 5.457c0.959 0.959 1.712 1.825 2.268 2.543h-4.811v-4.811c0.718 0.556 1.584 1.309 2.543 2.268zM28 29.5c0 0.271-0.229 0.5-0.5 0.5h-23c-0.271 0-0.5-0.229-0.5-0.5v-27c0-0.271 0.229-0.5 0.5-0.5 0 0 15.499-0 15.5 0v7c0 0.552 0.448 1 1 1h7v19.5z\"></path>\n",
       "<path d=\"M23 26h-14c-0.552 0-1-0.448-1-1s0.448-1 1-1h14c0.552 0 1 0.448 1 1s-0.448 1-1 1z\"></path>\n",
       "<path d=\"M23 22h-14c-0.552 0-1-0.448-1-1s0.448-1 1-1h14c0.552 0 1 0.448 1 1s-0.448 1-1 1z\"></path>\n",
       "<path d=\"M23 18h-14c-0.552 0-1-0.448-1-1s0.448-1 1-1h14c0.552 0 1 0.448 1 1s-0.448 1-1 1z\"></path>\n",
       "</symbol>\n",
       "</defs>\n",
       "</svg>\n",
       "<style>/* CSS stylesheet for displaying xarray objects in jupyterlab.\n",
       " *\n",
       " */\n",
       "\n",
       ":root {\n",
       "  --xr-font-color0: var(--jp-content-font-color0, rgba(0, 0, 0, 1));\n",
       "  --xr-font-color2: var(--jp-content-font-color2, rgba(0, 0, 0, 0.54));\n",
       "  --xr-font-color3: var(--jp-content-font-color3, rgba(0, 0, 0, 0.38));\n",
       "  --xr-border-color: var(--jp-border-color2, #e0e0e0);\n",
       "  --xr-disabled-color: var(--jp-layout-color3, #bdbdbd);\n",
       "  --xr-background-color: var(--jp-layout-color0, white);\n",
       "  --xr-background-color-row-even: var(--jp-layout-color1, white);\n",
       "  --xr-background-color-row-odd: var(--jp-layout-color2, #eeeeee);\n",
       "}\n",
       "\n",
       "html[theme=dark],\n",
       "body.vscode-dark {\n",
       "  --xr-font-color0: rgba(255, 255, 255, 1);\n",
       "  --xr-font-color2: rgba(255, 255, 255, 0.54);\n",
       "  --xr-font-color3: rgba(255, 255, 255, 0.38);\n",
       "  --xr-border-color: #1F1F1F;\n",
       "  --xr-disabled-color: #515151;\n",
       "  --xr-background-color: #111111;\n",
       "  --xr-background-color-row-even: #111111;\n",
       "  --xr-background-color-row-odd: #313131;\n",
       "}\n",
       "\n",
       ".xr-wrap {\n",
       "  display: block !important;\n",
       "  min-width: 300px;\n",
       "  max-width: 700px;\n",
       "}\n",
       "\n",
       ".xr-text-repr-fallback {\n",
       "  /* fallback to plain text repr when CSS is not injected (untrusted notebook) */\n",
       "  display: none;\n",
       "}\n",
       "\n",
       ".xr-header {\n",
       "  padding-top: 6px;\n",
       "  padding-bottom: 6px;\n",
       "  margin-bottom: 4px;\n",
       "  border-bottom: solid 1px var(--xr-border-color);\n",
       "}\n",
       "\n",
       ".xr-header > div,\n",
       ".xr-header > ul {\n",
       "  display: inline;\n",
       "  margin-top: 0;\n",
       "  margin-bottom: 0;\n",
       "}\n",
       "\n",
       ".xr-obj-type,\n",
       ".xr-array-name {\n",
       "  margin-left: 2px;\n",
       "  margin-right: 10px;\n",
       "}\n",
       "\n",
       ".xr-obj-type {\n",
       "  color: var(--xr-font-color2);\n",
       "}\n",
       "\n",
       ".xr-sections {\n",
       "  padding-left: 0 !important;\n",
       "  display: grid;\n",
       "  grid-template-columns: 150px auto auto 1fr 20px 20px;\n",
       "}\n",
       "\n",
       ".xr-section-item {\n",
       "  display: contents;\n",
       "}\n",
       "\n",
       ".xr-section-item input {\n",
       "  display: none;\n",
       "}\n",
       "\n",
       ".xr-section-item input + label {\n",
       "  color: var(--xr-disabled-color);\n",
       "}\n",
       "\n",
       ".xr-section-item input:enabled + label {\n",
       "  cursor: pointer;\n",
       "  color: var(--xr-font-color2);\n",
       "}\n",
       "\n",
       ".xr-section-item input:enabled + label:hover {\n",
       "  color: var(--xr-font-color0);\n",
       "}\n",
       "\n",
       ".xr-section-summary {\n",
       "  grid-column: 1;\n",
       "  color: var(--xr-font-color2);\n",
       "  font-weight: 500;\n",
       "}\n",
       "\n",
       ".xr-section-summary > span {\n",
       "  display: inline-block;\n",
       "  padding-left: 0.5em;\n",
       "}\n",
       "\n",
       ".xr-section-summary-in:disabled + label {\n",
       "  color: var(--xr-font-color2);\n",
       "}\n",
       "\n",
       ".xr-section-summary-in + label:before {\n",
       "  display: inline-block;\n",
       "  content: '►';\n",
       "  font-size: 11px;\n",
       "  width: 15px;\n",
       "  text-align: center;\n",
       "}\n",
       "\n",
       ".xr-section-summary-in:disabled + label:before {\n",
       "  color: var(--xr-disabled-color);\n",
       "}\n",
       "\n",
       ".xr-section-summary-in:checked + label:before {\n",
       "  content: '▼';\n",
       "}\n",
       "\n",
       ".xr-section-summary-in:checked + label > span {\n",
       "  display: none;\n",
       "}\n",
       "\n",
       ".xr-section-summary,\n",
       ".xr-section-inline-details {\n",
       "  padding-top: 4px;\n",
       "  padding-bottom: 4px;\n",
       "}\n",
       "\n",
       ".xr-section-inline-details {\n",
       "  grid-column: 2 / -1;\n",
       "}\n",
       "\n",
       ".xr-section-details {\n",
       "  display: none;\n",
       "  grid-column: 1 / -1;\n",
       "  margin-bottom: 5px;\n",
       "}\n",
       "\n",
       ".xr-section-summary-in:checked ~ .xr-section-details {\n",
       "  display: contents;\n",
       "}\n",
       "\n",
       ".xr-array-wrap {\n",
       "  grid-column: 1 / -1;\n",
       "  display: grid;\n",
       "  grid-template-columns: 20px auto;\n",
       "}\n",
       "\n",
       ".xr-array-wrap > label {\n",
       "  grid-column: 1;\n",
       "  vertical-align: top;\n",
       "}\n",
       "\n",
       ".xr-preview {\n",
       "  color: var(--xr-font-color3);\n",
       "}\n",
       "\n",
       ".xr-array-preview,\n",
       ".xr-array-data {\n",
       "  padding: 0 5px !important;\n",
       "  grid-column: 2;\n",
       "}\n",
       "\n",
       ".xr-array-data,\n",
       ".xr-array-in:checked ~ .xr-array-preview {\n",
       "  display: none;\n",
       "}\n",
       "\n",
       ".xr-array-in:checked ~ .xr-array-data,\n",
       ".xr-array-preview {\n",
       "  display: inline-block;\n",
       "}\n",
       "\n",
       ".xr-dim-list {\n",
       "  display: inline-block !important;\n",
       "  list-style: none;\n",
       "  padding: 0 !important;\n",
       "  margin: 0;\n",
       "}\n",
       "\n",
       ".xr-dim-list li {\n",
       "  display: inline-block;\n",
       "  padding: 0;\n",
       "  margin: 0;\n",
       "}\n",
       "\n",
       ".xr-dim-list:before {\n",
       "  content: '(';\n",
       "}\n",
       "\n",
       ".xr-dim-list:after {\n",
       "  content: ')';\n",
       "}\n",
       "\n",
       ".xr-dim-list li:not(:last-child):after {\n",
       "  content: ',';\n",
       "  padding-right: 5px;\n",
       "}\n",
       "\n",
       ".xr-has-index {\n",
       "  font-weight: bold;\n",
       "}\n",
       "\n",
       ".xr-var-list,\n",
       ".xr-var-item {\n",
       "  display: contents;\n",
       "}\n",
       "\n",
       ".xr-var-item > div,\n",
       ".xr-var-item label,\n",
       ".xr-var-item > .xr-var-name span {\n",
       "  background-color: var(--xr-background-color-row-even);\n",
       "  margin-bottom: 0;\n",
       "}\n",
       "\n",
       ".xr-var-item > .xr-var-name:hover span {\n",
       "  padding-right: 5px;\n",
       "}\n",
       "\n",
       ".xr-var-list > li:nth-child(odd) > div,\n",
       ".xr-var-list > li:nth-child(odd) > label,\n",
       ".xr-var-list > li:nth-child(odd) > .xr-var-name span {\n",
       "  background-color: var(--xr-background-color-row-odd);\n",
       "}\n",
       "\n",
       ".xr-var-name {\n",
       "  grid-column: 1;\n",
       "}\n",
       "\n",
       ".xr-var-dims {\n",
       "  grid-column: 2;\n",
       "}\n",
       "\n",
       ".xr-var-dtype {\n",
       "  grid-column: 3;\n",
       "  text-align: right;\n",
       "  color: var(--xr-font-color2);\n",
       "}\n",
       "\n",
       ".xr-var-preview {\n",
       "  grid-column: 4;\n",
       "}\n",
       "\n",
       ".xr-var-name,\n",
       ".xr-var-dims,\n",
       ".xr-var-dtype,\n",
       ".xr-preview,\n",
       ".xr-attrs dt {\n",
       "  white-space: nowrap;\n",
       "  overflow: hidden;\n",
       "  text-overflow: ellipsis;\n",
       "  padding-right: 10px;\n",
       "}\n",
       "\n",
       ".xr-var-name:hover,\n",
       ".xr-var-dims:hover,\n",
       ".xr-var-dtype:hover,\n",
       ".xr-attrs dt:hover {\n",
       "  overflow: visible;\n",
       "  width: auto;\n",
       "  z-index: 1;\n",
       "}\n",
       "\n",
       ".xr-var-attrs,\n",
       ".xr-var-data {\n",
       "  display: none;\n",
       "  background-color: var(--xr-background-color) !important;\n",
       "  padding-bottom: 5px !important;\n",
       "}\n",
       "\n",
       ".xr-var-attrs-in:checked ~ .xr-var-attrs,\n",
       ".xr-var-data-in:checked ~ .xr-var-data {\n",
       "  display: block;\n",
       "}\n",
       "\n",
       ".xr-var-data > table {\n",
       "  float: right;\n",
       "}\n",
       "\n",
       ".xr-var-name span,\n",
       ".xr-var-data,\n",
       ".xr-attrs {\n",
       "  padding-left: 25px !important;\n",
       "}\n",
       "\n",
       ".xr-attrs,\n",
       ".xr-var-attrs,\n",
       ".xr-var-data {\n",
       "  grid-column: 1 / -1;\n",
       "}\n",
       "\n",
       "dl.xr-attrs {\n",
       "  padding: 0;\n",
       "  margin: 0;\n",
       "  display: grid;\n",
       "  grid-template-columns: 125px auto;\n",
       "}\n",
       "\n",
       ".xr-attrs dt,\n",
       ".xr-attrs dd {\n",
       "  padding: 0;\n",
       "  margin: 0;\n",
       "  float: left;\n",
       "  padding-right: 10px;\n",
       "  width: auto;\n",
       "}\n",
       "\n",
       ".xr-attrs dt {\n",
       "  font-weight: normal;\n",
       "  grid-column: 1;\n",
       "}\n",
       "\n",
       ".xr-attrs dt:hover span {\n",
       "  display: inline-block;\n",
       "  background: var(--xr-background-color);\n",
       "  padding-right: 10px;\n",
       "}\n",
       "\n",
       ".xr-attrs dd {\n",
       "  grid-column: 2;\n",
       "  white-space: pre-wrap;\n",
       "  word-break: break-all;\n",
       "}\n",
       "\n",
       ".xr-icon-database,\n",
       ".xr-icon-file-text2 {\n",
       "  display: inline-block;\n",
       "  vertical-align: middle;\n",
       "  width: 1em;\n",
       "  height: 1.5em !important;\n",
       "  stroke-width: 0;\n",
       "  stroke: currentColor;\n",
       "  fill: currentColor;\n",
       "}\n",
       "</style><pre class='xr-text-repr-fallback'>&lt;xarray.DataArray (scene: 30, instance: 5, transform_major: 4,\n",
       "                   transform_minor: 4)&gt;\n",
       "array([[[[   0.1998,    0.7808,    0.5919, -209.3239],\n",
       "         [  -0.5991,    0.5754,   -0.5568, -105.5557],\n",
       "         [  -0.7753,   -0.2434,    0.5828, 1853.1825],\n",
       "         [   0.    ,    0.    ,    0.    ,    1.    ]],\n",
       "\n",
       "        [[   0.3249,   -0.6633,   -0.6741, -166.4593],\n",
       "         [  -0.1151,    0.6797,   -0.7244,  220.2536],\n",
       "         [   0.9387,    0.3129,    0.1445, 1750.2346],\n",
       "         [   0.    ,    0.    ,    0.    ,    1.    ]],\n",
       "\n",
       "        [[  -0.5102,    0.7794,   -0.3637, -372.5465],\n",
       "         [   0.7988,    0.5861,    0.1355,  162.0151],\n",
       "         [   0.3188,   -0.2214,   -0.9216, 1967.5482],\n",
       "         [   0.    ,    0.    ,    0.    ,    1.    ]],\n",
       "\n",
       "        [[   0.3353,   -0.5541,   -0.7619, -201.6179],\n",
       "         [  -0.1137,    0.779 ,   -0.6166,  346.7942],\n",
       "         [   0.9352,    0.2934,    0.1982, 1776.7752],\n",
       "         [   0.    ,    0.    ,    0.    ,    1.    ]],\n",
       "\n",
       "...\n",
       "\n",
       "        [[   0.0597,   -0.8167,   -0.574 ,   89.5117],\n",
       "         [  -0.0324,    0.5732,   -0.8188,  264.2713],\n",
       "         [   0.9977,    0.0674,    0.0078, 1883.1399],\n",
       "         [   0.    ,    0.    ,    0.    ,    1.    ]],\n",
       "\n",
       "        [[  -0.6905,    0.7158,   -0.1043, -158.7451],\n",
       "         [   0.7155,    0.697 ,    0.0468,  180.2697],\n",
       "         [   0.1061,   -0.0423,   -0.9934, 2039.3486],\n",
       "         [   0.    ,    0.    ,    0.    ,    1.    ]],\n",
       "\n",
       "        [[   0.0704,   -0.7221,   -0.6882,   30.1857],\n",
       "         [  -0.0294,    0.6881,   -0.725 ,  384.2422],\n",
       "         [   0.9971,    0.0713,    0.0272, 1889.4999],\n",
       "         [   0.    ,    0.    ,    0.    ,    1.    ]],\n",
       "\n",
       "        [[   0.9626,    0.2695,   -0.0292,  -88.3007],\n",
       "         [   0.2695,   -0.963 ,   -0.0033, -195.1056],\n",
       "         [  -0.029 ,   -0.0046,   -0.9996, 2032.7744],\n",
       "         [   0.    ,    0.    ,    0.    ,    1.    ]]]])\n",
       "Coordinates:\n",
       "  * scene            (scene) int64 30 31 32 33 34 35 36 ... 53 54 55 56 57 58 59\n",
       "  * instance         (instance) int64 0 1 2 3 4\n",
       "  * transform_major  (transform_major) int64 0 1 2 3\n",
       "  * transform_minor  (transform_minor) int64 0 1 2 3</pre><div class='xr-wrap' style='display:none'><div class='xr-header'><div class='xr-obj-type'>xarray.DataArray</div><div class='xr-array-name'></div><ul class='xr-dim-list'><li><span class='xr-has-index'>scene</span>: 30</li><li><span class='xr-has-index'>instance</span>: 5</li><li><span class='xr-has-index'>transform_major</span>: 4</li><li><span class='xr-has-index'>transform_minor</span>: 4</li></ul></div><ul class='xr-sections'><li class='xr-section-item'><div class='xr-array-wrap'><input id='section-7986b25b-54b4-4f39-b692-0f417fc5e43f' class='xr-array-in' type='checkbox' checked><label for='section-7986b25b-54b4-4f39-b692-0f417fc5e43f' title='Show/hide data repr'><svg class='icon xr-icon-database'><use xlink:href='#icon-database'></use></svg></label><div class='xr-array-preview xr-preview'><span>0.1998 0.7808 0.5919 -209.3 -0.5991 ... 2.033e+03 0.0 0.0 0.0 1.0</span></div><div class='xr-array-data'><pre>array([[[[   0.1998,    0.7808,    0.5919, -209.3239],\n",
       "         [  -0.5991,    0.5754,   -0.5568, -105.5557],\n",
       "         [  -0.7753,   -0.2434,    0.5828, 1853.1825],\n",
       "         [   0.    ,    0.    ,    0.    ,    1.    ]],\n",
       "\n",
       "        [[   0.3249,   -0.6633,   -0.6741, -166.4593],\n",
       "         [  -0.1151,    0.6797,   -0.7244,  220.2536],\n",
       "         [   0.9387,    0.3129,    0.1445, 1750.2346],\n",
       "         [   0.    ,    0.    ,    0.    ,    1.    ]],\n",
       "\n",
       "        [[  -0.5102,    0.7794,   -0.3637, -372.5465],\n",
       "         [   0.7988,    0.5861,    0.1355,  162.0151],\n",
       "         [   0.3188,   -0.2214,   -0.9216, 1967.5482],\n",
       "         [   0.    ,    0.    ,    0.    ,    1.    ]],\n",
       "\n",
       "        [[   0.3353,   -0.5541,   -0.7619, -201.6179],\n",
       "         [  -0.1137,    0.779 ,   -0.6166,  346.7942],\n",
       "         [   0.9352,    0.2934,    0.1982, 1776.7752],\n",
       "         [   0.    ,    0.    ,    0.    ,    1.    ]],\n",
       "\n",
       "...\n",
       "\n",
       "        [[   0.0597,   -0.8167,   -0.574 ,   89.5117],\n",
       "         [  -0.0324,    0.5732,   -0.8188,  264.2713],\n",
       "         [   0.9977,    0.0674,    0.0078, 1883.1399],\n",
       "         [   0.    ,    0.    ,    0.    ,    1.    ]],\n",
       "\n",
       "        [[  -0.6905,    0.7158,   -0.1043, -158.7451],\n",
       "         [   0.7155,    0.697 ,    0.0468,  180.2697],\n",
       "         [   0.1061,   -0.0423,   -0.9934, 2039.3486],\n",
       "         [   0.    ,    0.    ,    0.    ,    1.    ]],\n",
       "\n",
       "        [[   0.0704,   -0.7221,   -0.6882,   30.1857],\n",
       "         [  -0.0294,    0.6881,   -0.725 ,  384.2422],\n",
       "         [   0.9971,    0.0713,    0.0272, 1889.4999],\n",
       "         [   0.    ,    0.    ,    0.    ,    1.    ]],\n",
       "\n",
       "        [[   0.9626,    0.2695,   -0.0292,  -88.3007],\n",
       "         [   0.2695,   -0.963 ,   -0.0033, -195.1056],\n",
       "         [  -0.029 ,   -0.0046,   -0.9996, 2032.7744],\n",
       "         [   0.    ,    0.    ,    0.    ,    1.    ]]]])</pre></div></div></li><li class='xr-section-item'><input id='section-9023091a-b1b2-469a-882b-0c365d4e5932' class='xr-section-summary-in' type='checkbox'  checked><label for='section-9023091a-b1b2-469a-882b-0c365d4e5932' class='xr-section-summary' >Coordinates: <span>(4)</span></label><div class='xr-section-inline-details'></div><div class='xr-section-details'><ul class='xr-var-list'><li class='xr-var-item'><div class='xr-var-name'><span class='xr-has-index'>scene</span></div><div class='xr-var-dims'>(scene)</div><div class='xr-var-dtype'>int64</div><div class='xr-var-preview xr-preview'>30 31 32 33 34 ... 55 56 57 58 59</div><input id='attrs-f112cfde-12fa-46fa-96cc-2d8005762216' class='xr-var-attrs-in' type='checkbox' disabled><label for='attrs-f112cfde-12fa-46fa-96cc-2d8005762216' title='Show/Hide attributes'><svg class='icon xr-icon-file-text2'><use xlink:href='#icon-file-text2'></use></svg></label><input id='data-e6b2c762-1496-4b57-a33d-bcacfc5b833b' class='xr-var-data-in' type='checkbox'><label for='data-e6b2c762-1496-4b57-a33d-bcacfc5b833b' title='Show/Hide data repr'><svg class='icon xr-icon-database'><use xlink:href='#icon-database'></use></svg></label><div class='xr-var-attrs'><dl class='xr-attrs'></dl></div><div class='xr-var-data'><pre>array([30, 31, 32, 33, 34, 35, 36, 37, 38, 39, 40, 41, 42, 43, 44, 45, 46, 47,\n",
